  8
Tomsk
56 32 471
4  1 2563
76 4523 1
Great Uncle Bulgaria
1    2
1    2
Great Uncle Bulgaria
Tobermory

Great Uncle Bulgaria
2  1     
Wellington
     e
63 5421  
Miss Adelaide
Tomsk
2 5 43 16
    2   1
       1 
195783246
Great Uncle Bulharia
Madame Cholet
Miss Adelaide
 2   3 1 
Orinoco
 124 5367
Bungo
   132  4
    2  13
532 17 64
Wel1ington
Wellington
87 512346
Tomsk
2   1    
    1    
Orinoco
Miss AdElaide
123  465 
Miss Adelaide
 1 43  2 
427598361
       1 
  1      
Great Uncle Bulgaria
Miss Adelaide

Toms
Orino
 4  3 1 2
Great Uncle Bulgaria
Madame Cholet
Alderney
       A
 1 325  4
   1     
873461925
Wellington
627914853
8736 5214
Miss Adelaide

Miss Adelaide
Wellington
Alderney
Madame Cholet
Bungo
Wellington
 3417256 
9
Orinoco
4  1  23 
Madame Cholet
472 15386
Wellington
       2
   1 23  
5 6421 73
Bungo
    C
Bungo
  1   32 
   21    
1 32   4 
    42 31
 1       
Miss Adelaide

36  45 21
9
Bungo
    2  1 
6  451 23
4   2  31
236495871
Alderney
Miss Adelaide
 3  2 1  
Bungo
    1    
4    1 23
26514  3 
 21      
34     21
 28531467
 1       
5436271  
        /
 1
  X
486913725
    B
   !
        8
Miss Adelaide

d
     *
16 45 32 
        *
4   215 3
  2765413
    1    
       8
Madame Cholet
3   2   1
      1  
 2764513 
 13  2   
781936425
        9
1 2 653 4
2   1    
849261573
843657912
 63 12754
Miss Adelaide

  241   3
     *
5
3 42  1  
     21  
Miss Adelaide
32   51 4
    2  1 
123      
Tomsk
  2351 4 
Madame Cholet
        A
56423   1
      0
43   1 2 
Tomsk
  /
        .
        1
5623  4 1
     1
Z
     !
 7
    21   
1 6843527
Orinoco
       /
6  12 453
Miss Adelaide

Miss Adelaide
76 1 2354
       3
     1   
  C
 C
61 4 23 5
        ,
2 31     
542 6317 
     1   
        6
    3
  Z
25 3  614
493512768
 2 13    
    B
Orinoco
  Y
 1 324   
1478 6523
  3 12   
   21    
     1   
54 1  3 2
5   3412 
   e
   *
 2134    
 a  B
       1
Miss Adelaide

  1      
  1  23  
65724 13 
4 8521367
    e
1        
       5
   1     
  6
 4  123 5
681743592
4 2 3 5 1
 t  1     
631278594
2 3 4 1  
  2  3 1 
Wellington
     1   
3   61425
5  3214  
42 816357
846179253
32 1 4   
2 1      
249713865
253614   
Tobermory
34 5 2617
789526413
827946513
385647192
Miss Adelaide
637452918
743826915
41 2  3  
23514    
1  2  3  
 61452 37
189647352
349876512
    2 1  
349587216
459126783
529134876
126395874
 2      1
5128734 6
Alderney
753961428
Miss Adelaide
  2 54316
7 4521 63
  ##
 25  14 3
6451 8327
     Y
   1  23 
586412937
16  72543
1 5 3 642
       1 
       .
617582439
Great Uncle Bulgaria
Bungo
   2  1  
4  3 512 
   2
745183926
   1 2  3
 6154 372
792341568
512368947
935861247
    21   
Tomsk
 3   5421
467381295
217 53684
Tobermory
Miss Adelaide
732591684
539172684
2      1 
213      
128496735
492638517
143725 6 


6574 12 3
65 841237
296714835
   2    1
614238795
635842917
948365217
    1    
698213547
64 72351 
3 1 2    
372589146
61248953710
238419576
       *
152 43   
   ,
287645391
Miss Adelaide

    1    
927485361
 34162 57
        1
136928754
       1 
396248517
196245387
154 72386
6 4132578
   3  12 
12763845 
627148 35
51764 238
   2    1
 78214435
 32516748
53 614 72
7124635 8
5 24 1736
5  46213 
2    1   
475 23 61
 7



       /
       2
2647813 5
864 23715
2 8153467
      2 1
7 45 6312
15  42 3 
2674183 5
947836215
 27 31564
       21
271486 53
 647 3521
Tomsk
  2    1 
5 1874236
   5
57 843261
 17538264
  2  134 
329647185
.
83 125647
283764 51
Miss Adelaide
685 27341
425 67318
52 376148
Tobermory
514978632
3 7625841
6 5 2 431
2581 3746
2       1
  2 1    
Wellington
85 231746
83715 264
18254736 
 83514726
    2  1 
5 12 3  4
67354 812
247 51 36
58247316 
    2 413
 72618354
486 72531
215  3  4
  2     1
728 63451
       f
2548631 7
75824316 
364715 2 
 164235 7
    1    
4 1 562 3
5821 6347
367 52184
       B
468 73152
7652381 4
5 6124 3 
     21  
451789263
863752941
     1   
8457326 1
62137485 
47328165 
397284165
7632845 1
1  2 4 3 
 5 14  32
Miss Adelaide
53417628 
 1       
256 134  
412389567
13   24  
Miss Adelaide
1 3628574
1 8427563
    2  1 
   35 421
   0
561 34 27
 3524167 
  2 1    
   2    1
34 16 5 2
    21 34
 327541 6
1        
Wellington
 1 3  2  
FSM
168 74235
 2    1  
74 1365 2
        d
74682 315
5 463 271
 63247 51
3156 42  
 3 1   2 
.
6 472 513
     2 1 
Great Uncle Bulgaria
 452316 7
Tomsk
 347615 2
     213 
3152  4  
Miss Adelaide
26 54 731
76 432 51
   1     
    !
        1
Tobermory
3 14   2 
4    3 12
15 2 46 3
5 42 3176
3  4 251 
5 364 172
Wellington
53 1 426 
 3    0
473526  1
 2 1  3  
473512689
2 34  1  
 213647 5
3      21
293564817
5631 2 74
536  2174
lllllllll
8674315 2
6 512 34 
615 274 3
286359417
3 652174 
1 235 4  
2 1 3    
5 7326841
254 371 6
 1 243765
21 47 563
41  2 3  
Miss Adelaide

46 21375 
  2  31  
524637  1
21 465 73
 124    3
75814 362
1        
41352  67
 26714 53
1 32     
6 47 1352
543 2 167
      312
        1
 1       
24 6157 3
16245 73 
341629578
 352 64 1
634 2 51 
1 476523 
2 4  5 31
Miss Adelaide
  3764521
       1 
732 165 4
27 41653 
      21 
 63548712
64 53 172
     21  
     Z
24   1  3
3 54 1 26
 2 3  1  
415  623 
1 24 63 5
Madame Cholet
 5 32 1 4
2   1    
4   1 2 3
        1
563  4271
5 624 1 3
        5
     7
Wales 99-0 Australia
85416 273
619578432
1        
 1  32  4
387 41625
 1243  5 
 53462  1
52413   6
6315  2 4
18 264537
47 825316
Miss Adelaide

 324 516 
634 51 2 
 13 24   
  @
183527946
     2 1 
43 1  2  
 3 65241 
 312     
1 2 3 546
6 231 45 
 1 25 643
24 3 651 
 1       
3 42   1 
1    24 3
3 64 15 2
2     1  
 652 143 
 62  3145
       G
163589274
435    21
13 25   4
 1  54623
Miss Adelaide

532 716 4
5 46 32 1
2 65 143 
  543 126
 24316 5 
 1       
32  1 4  
 21      
4 26 35 1
1 6 5342 
 41 53 62
57 6 2314
1        
2546   31
  X
 2651 43 
4 2  3  1
132467598
 1       
       1 
42 3 615 
5  6 4312
 32 6415 
 65317 24
4325  16 
1 5243876
Tobermmmory
Wellington
469712835
 1       
 21 5634 
   532614
 3   214 
2 316 5 4
 4261 3 5
  246531 
 42851736
        B
74 61253 
1 3 42 65
2 41635  
43   2651
   7
  1   32 
3764581 2
 0
 326415  
   1
     13 2
 6 41 325
5   23 14
  4 1532 
  4 251 3
4 562317 
913427586
 5 31 4 2
 15 24  3
       !
83 745621
73526841 
Y not
 2143  5 
 35 12  4
 42 1 53 
16  243 5
396128457
 3  2  1 
2 45   13
2    1534
1 2  53 4
 1  4352 
    12345
  2     1
35 1 4 2 
134829567
Tomsk
23  4 15 
4 3 52  1
41   523 
32 1     
        1
     1   
41  23 5 
214   3 5
12 4  3 5
       8
 214   35
1 4  3 25
2       1
819652437
     2 1 
4 32   51
  321    
      2
63  4 251
 431 2   
 2 476513
1  34 265
 2415  63
735864921
 2  1    
   1   23
  415623 
132    45
24 31   5
   5132 4
  51 4 23
  3214   
  2  5431
5  4 23 1
 11       
 3 125  4
243   51 
  312    
  5413 2 
45 1 3 2 
 1       
  32 1 4 
51   342 
5   1324 
   23  41
 4 25 3 1
2 41  5 3
54    312
       1
 3 41  25
5 21   34
541 3 2  
451   3 2
5 263  14
152  3  4
 21  3  4
G U Bulgaria
968215437
231  6 54
7852 3164
815369247
       ,
   532 14
714 86352
34  1  52
23   145 
  345 21 
32  1    
  2  1   
592431768
 4 351 2 
 34  512 
  4 32651
 46571 32
    1    
786145293
1 5 3 4 2
  2 4 13 
237 14865
 31 4   2
 241   3 
 2 4 1  3
   12453 
  1      
1 2   4 3
637452189
2    3 1 
3   2  14
2 41 3   
491726583
 2534   1
 231  465
56 14 732
Bungoes
  43  12 
 2 1   3 
  3 42  1
 2  3  41
26 34175 
    1    
      9
281375 46
Aldeey
    312  
  2   134
 3  14 2 
3  214 
 3   21 4
24   1 3
87654321
51437268 
3 421    
34  1265 
 13 2 4  
 21  3 4 
 2 1     
3   142  
14  32   
4753286 1
3   46125
Orinoco
  z   A
   1     
34 815276
 3  2 1 4
 2  13   
  3  421 
24  1 3  
  5134 2 
5823746 1
Tomsk
 2    134
632 154  
 1       
 2     1 
  3 4 21 
 2 13    
   1   a  
 1  2   3
1  32 4  
 54 1  32
864159273
2  4   13
      1  
  124   3
    21   
649817523
 2 1    3
Orinoco
  1
    1    
 1  2 4 3
 1  2
 1  2 
 1  2  
 1  2   
 1  2 
 1  2  
4   3 12 
1  43 2  
 31 4  2 
  21  34 
        1
Great Uncle Bulgaria
Great Uncle Bulgaria
      + 
Great Uncle Bulgaria
Great Uncle Bulgaria
Great Uncle Bulgaria
 2    413
 32 1   4
431 6  25
 2     1 
 5 632 14
 3  421  
 4 5 132 
Miss Adelaide
 613 4752
  4   312
2  13   4
3  4 21  
 1       
   41 23 
4   1  23
     1   
24 1  3  
1   432  
   0
56314  2 
 23 1 4 5
  1  2 3 
Orinoco
  2 3  1 
  1 3 2  
3  2   14
3  21    
23  1    
    32  1
 2 3    1
      312
       7
465 13 2 
321 5746 
 1    3 2
25348 716
  13 2   
Orinoco
27614 5 3
  1      
4 1 2  53
 57 13462
   1     
Great Uncle Bulgia
13  2    
687314582
6 24517 3
 4 163 25
 21 3    
6457 3821
213   4  
  1 2   3
641 235 7
 1     23
1 3745826
    3  12
 2   1  3
  325  41
   &
3 5 124  
 @
 3 1  2  
 333 2145
46235  71
2 4 35 1 
   3 1  2
Y
129754863
      3
Madame Chocolat
    32  1
 1 2  3  
/
 2 1 4 35
1 64275 3
 25 1364 
  7321456
     #
   3  2 1
I love Lyndon
43    12 
 3   21  
 1    23 
    2   1
Alderney
1    3 2 
2  31    
  3    21
6 14 5273
   21    
7231 8354
Madame Cholet
2    3 1 
    132  
     21  
 32     1
  2  31  
 1 32    
 2   41 3
564719832
Orinoco
 36127485
     1
193247685
2 3     1
Bungo
5  764123
 1 3 2  4
 2 4 1 3 
 65248713
       1 
   2 1 3 
139645582
   1  3 2
1  2   3 
 2  1 3  
1   23   
35214 7 6
Tomsk
  2     1
  12  3  
 3  2   1
3 2    14
     f
      21 
631874 25
   2   1 
   2  1  
 56  3421
 7156 224
5761 3428
Orinoco
 1  5234 
 12     3
    1    
    21   
21       
  4 13 52
  21     
  2    1 
467 3 125
1   24 53
 2  1    
  2   1  
  2  1   
      2 1
 X
Madame Cholet
    2   1
2 15  4 3
41 326 5 
        ,
    21   
Tobermory
     1   
Wellington
8271563 1
       21
763248195
2   1    
  2   1  
Tobermory
  2   1  
2   1    
    2 1  
  2  1   
       21
759861423
  14   32
   2 1 3 
2  1     
48672 531
Tobermory Tobermory
  7521436
  Y
365489217
245317 6 
     2 1 
      21 
513627948
Bungo
 2     1 
193865247
      C
     21  
2   1    
  21     
     1   
214  536 
    21   
   1     
794251683
 46 1235 
 2 1     
3546271  
     321 
478 23561
  2    1 
  2     1
516389472
    1
72413685 
  21     
24 1 3   
25746 13 
    2 1  
   2   1 
452 3716 
584739621
2     3 1
2   1    

3541 26  
  2     1
        3
983612754
6 7541238
      21 
3 1564 2 
  1      
4 6273518
       21
    2 1  
549217863
    1    
  1      
1        
62  74153
  321    
1        
       1 
1        
1        
679215438
1 6 2 435
  1      
 53 1 4 2
4 2836517
  3 1  42
   A
       1 
    1    
5 31   42
1        
  2   1 3
    1    
        1
  2    1 
   21    
  1      
 23 14 5 
    1    
 1       
Python rules
  12   43
  1   3 2
      1  
1        
 3 5241  
2      1 
342758196
 1       
 1       
       1 
1 4  3  2
1543 2   
743912856
 2     1 
  63145 2
     2 1 
   31   2
62 547381
     1   
163789524
        B
        1
  3152  4
3 12     
 1       
285 76341
6725 4318
24 516 73
   23541 
       1 
   1     
Tobermory
35214    
 42 31   
1        
825 16473
935281476
  1 24 3 
729853416
  .
Miss Adelaide
31   2   
2      1 
26571 34 
 5  42316
21       
     d
  41 23  
   132   
1 2  3   
Great Uncle Bulgaria
     2  1
 X
Great Uncle Bulgaria
  1      
     1   
     1   
     1   
      1  
12      3
   31  2 
71 384652
   1     
   1     
  1      
35124 67 
        Z
  3 12   
1    3  2